00007FF71E677420
00007FF71E677420
145.862  1.20531  0
145.847  2.41054  0
145.822  3.6156  0
145.788  4.82042  0
145.743  6.02491  0
00007FF71E677420
626.242  5.17486  0
626.178  10.3494  0
626.071  15.5232  0
625.922  20.6959  0
625.729  25.8672  0
625.494  31.0368  0
625.216  36.2042  0
624.896  41.3692  0
624.533  46.5313  0
624.127  51.6903  0
00007FF735D57420
Tue Mar 13 18:02:26 2018

Tue Mar 13 18:05:46 2018

1051.18  8.68625  0
1051.07  17.3719  0
1050.89  26.0564  0
1050.64  34.7391  0
1050.32  43.4194  0
1049.92  52.0968  0
1049.46  60.7705  0
1048.92  69.4402  0
214.364  15.9713  0
197.971  16.396  0
Tue Mar 13 18:07:10 2018
145.862  1.20531  0
145.847  2.41054  0
145.822  3.6156  0
145.788  4.82042  0
145.743  6.02491  0
145.688  7.22898  0
237.664  13.7624  0
221.94  14.6928  0
221.727  16.52  0
Fri Mar 16 14:09:14 2018
Fri Mar 16 14:36:10 2018
Fri Mar 16 14:47:44 2018
Fri Mar 16 15:20:56 2018
